38.983683,-76.51702
38.983361,-76.51724
38.983229,-76.517318
38.981693,-76.51781
38.981624,-76.517862
38.981549,-76.517914
38.981468,-76.51796
38.981386,-76.518007
38.981299,-76.518047
38.980758,-76.518429
38.980736,-76.518523
38.980773,-76.518735
38.980811,-76.518848
38.980889,-76.519088
38.981114,-76.520457
38.981184,-76.52087
38.981239,-76.52122
38.981251,-76.521302
38.981264,-76.521392
38.981273,-76.521482
38.981281,-76.521572
38.981286,-76.521657
38.981289,-76.521743
38.981299,-76.521827
38.981318,-76.521984
38.981326,-76.522054
38.981339,-76.522105
38.981381,-76.522157
38.981428,-76.522205
38.981484,-76.52225
38.981549,-76.522297
38.981621,-76.522343
38.981703,-76.522395
38.981748,-76.522399
38.981823,-76.522433
38.981981,-76.522503
38.982141,-76.522545
38.982221,-76.522572
38.982306,-76.522597
38.982396,-76.522629
38.982564,-76.52269
38.982643,-76.522727
38.983043,-76.523042
38.983296,-76.52343
38.983384,-76.523567
38.983576,-76.523798
38.983623,-76.52385
38.983671,-76.523897
38.983719,-76.523945
38.983769,-76.523998
38.983821,-76.524047
38.983873,-76.524093
38.984333,-76.52445
38.984398,-76.524485
38.984468,-76.524512
38.984543,-76.524537
38.984618,-76.524562
38.984694,-76.524585
38.984774,-76.524607
38.984929,-76.524657
38.986003,-76.525005
38.986309,-76.525065
38.986394,-76.52508
38.986488,-76.525098
38.986588,-76.525117
38.986698,-76.525142
38.986814,-76.525178
38.986933,-76.525225
38.987053,-76.525278
38.987179,-76.525352
38.987301,-76.525437
38.987414,-76.525535
38.987516,-76.525643
38.988339,-76.526303
38.988818,-76.526525
38.989064,-76.526485
38.989411,-76.526387
38.989746,-76.526293
38.990049,-76.526163
38.990748,-76.525692
38.991208,-76.525528
38.991508,-76.525537
38.992066,-76.525865
38.992598,-76.526607
38.992673,-76.526865
38.992713,-76.527092
38.992689,-76.528115
38.992659,-76.528517
38.992591,-76.52971
38.992586,-76.529792
38.992579,-76.529882
38.992574,-76.52998
38.992566,-76.530153
38.992566,-76.530237
38.992566,-76.530327
38.992569,-76.530412
38.992574,-76.5305
38.992581,-76.530592
38.992594,-76.530682
38.992611,-76.530772
38.992629,-76.530865
38.992851,-76.53145
38.992899,-76.531525
38.992956,-76.531598
38.993016,-76.53167
38.993083,-76.531742
38.993151,-76.531812
38.993223,-76.531882
38.993298,-76.531945
38.993373,-76.532007
38.993758,-76.532273
38.993896,-76.532362
38.994023,-76.53244
38.994213,-76.532575
38.994371,-76.532713
38.994661,-76.532932
38.994788,-76.533023
38.994858,-76.533075
38.994946,-76.53314
38.994963,-76.533148
38.994966,-76.53315
38.994966,-76.53315
38.994966,-76.53315
38.994966,-76.53315
38.994966,-76.53315
38.994966,-76.53315
38.994966,-76.53315
38.994966,-76.53315
38.994966,-76.53315
38.994966,-76.53315
38.994966,-76.53315
38.994966,-76.53315
38.994966,-76.53315
38.994966,-76.53315
38.994966,-76.53315
38.994966,-76.53315
38.994966,-76.53315
38.994966,-76.53315
38.994966,-76.53315
38.994966,-76.53315
38.994966,-76.53315
38.994966,-76.53315
38.994966,-76.53315
38.994966,-76.53315
38.994966,-76.53315
38.994966,-76.53315
38.994966,-76.53315
38.994966,-76.53315
38.994966,-76.53315
38.994966,-76.53315
38.994966,-76.53315
38.994966,-76.53315
38.994966,-76.53315
38.994966,-76.53315
38.994966,-76.53315
38.994966,-76.53315
38.994966,-76.53315
38.994966,-76.53315
38.994966,-76.53315
38.994966,-76.53315
38.994966,-76.53315
38.994966,-76.53315
38.994966,-76.53315
38.994966,-76.53315
38.994966,-76.53315
38.994966,-76.533155
38.994966,-76.533155
38.994993,-76.533172
38.995028,-76.533199
38.995066,-76.533242
38.995098,-76.533314
38.995123,-76.533392
38.995134,-76.53348
38.995133,-76.533572
38.995121,-76.533672
38.995101,-76.533774
38.994998,-76.534168
38.994976,-76.534267
38.994931,-76.534465
38.994908,-76.534565
38.994868,-76.53476
38.994848,-76.534862
38.994828,-76.534963
38.994804,-76.535065
38.994779,-76.535169
38.994733,-76.535385
38.994711,-76.535495
38.994688,-76.535605
38.994659,-76.535713
38.994349,-76.536888
38.994008,-76.53797
38.993978,-76.538067
38.993953,-76.538158
38.993926,-76.538253
38.993878,-76.53844
38.993853,-76.538535
38.993828,-76.538633
38.993804,-76.538733
38.993758,-76.538942
38.993716,-76.539157
38.993699,-76.539267
38.993678,-76.539378
38.993639,-76.539597
38.993538,-76.54033
38.993424,-76.541127
38.993406,-76.54123
38.993391,-76.541335
38.993369,-76.541437
38.993343,-76.541543
38.993321,-76.541655
38.993298,-76.541772
38.993276,-76.541885
38.993251,-76.542
38.993228,-76.542117
38.993206,-76.542235
38.993179,-76.542352
38.992916,-76.543378
38.992543,-76.544819
38.992141,-76.546359
38.992088,-76.546574
38.991704,-76.548062
38.991603,-76.548493
38.991574,-76.548602
38.991541,-76.548712
38.991468,-76.548937
38.991431,-76.549055
38.991393,-76.549175
38.991263,-76.549733
38.991384,-76.549873
38.991456,-76.549932
38.991548,-76.54998
38.992088,-76.550485
38.992336,-76.550738
38.993013,-76.55133
38.993141,-76.551428
38.993766,-76.551983
38.993829,-76.552037
38.993891,-76.552093
38.994081,-76.552248
38.994274,-76.552414
38.994338,-76.552462
38.994403,-76.552514
38.995111,-76.55303
38.995608,-76.553385
38.995673,-76.553427
38.995736,-76.553473
38.995801,-76.55352
38.995871,-76.553567
38.996008,-76.553665
38.996076,-76.553717
38.996144,-76.553764
38.996214,-76.553807
38.996284,-76.55385
38.996354,-76.553897
38.996501,-76.553983
38.996573,-76.554027
38.996648,-76.554073
38.996724,-76.554122
38.996799,-76.55417
38.996876,-76.55422
38.996953,-76.55427
38.997031,-76.554317
38.997183,-76.554422
38.997261,-76.554475
38.997341,-76.55453
38.997421,-76.55459
38.997503,-76.554648
38.997584,-76.554712
38.997668,-76.554768
38.997753,-76.554825
38.997839,-76.554882
38.997929,-76.554935
38.998019,-76.55499
38.998109,-76.555045
38.998199,-76.555102
38.998288,-76.555162
38.998378,-76.555219
38.998471,-76.555274
38.998566,-76.555325
38.999034,-76.55558
38.999118,-76.555619
38.999194,-76.555647
38.999313,-76.555608
38.999398,-76.555482
38.999436,-76.555417
38.999469,-76.555352
38.999501,-76.555235
38.999513,-76.555193
38.999546,-76.555185
38.999553,-76.5552
38.999554,-76.555228
38.999543,-76.555265
38.999506,-76.55532
38.999461,-76.555389
38.999426,-76.555477
38.999428,-76.555565
38.999639,-76.555795
38.999709,-76.555837
39.000274,-76.556082
39.000673,-76.556224
39.001168,-76.556397
39.001231,-76.556417
39.001296,-76.55644
39.001361,-76.556463
39.001429,-76.556484
39.001496,-76.556503
39.001634,-76.556545
39.001701,-76.556562
39.001768,-76.556584
39.001834,-76.556607
39.001903,-76.556633
39.001976,-76.556657
39.002048,-76.55668
39.002268,-76.556742
39.002338,-76.556763
39.002408,-76.556787
39.002486,-76.556803
39.002566,-76.55682
39.002641,-76.55684
39.002719,-76.556865
39.002796,-76.556888
39.002874,-76.556914
39.002949,-76.556942
39.003026,-76.55697
39.003103,-76.557003
39.003181,-76.557035
39.003259,-76.557065
39.003338,-76.557093
39.003416,-76.557123
39.003573,-76.557193
39.003653,-76.557229
39.003733,-76.557267
39.003811,-76.557302
39.003968,-76.557372
39.004048,-76.557404
39.004128,-76.557443
39.004203,-76.557492
39.004278,-76.557542
39.004356,-76.55759
39.004519,-76.557675
39.005339,-76.558262
39.005798,-76.558643
39.006319,-76.559208
39.006376,-76.559278
39.006428,-76.559352
39.006481,-76.559425
39.006593,-76.55957
39.006706,-76.559719
39.00676,-76.559802
39.006814,-76.559885
39.006869,-76.559972
39.006923,-76.560064
39.007031,-76.56025
39.007089,-76.560343
39.007148,-76.560439
39.007209,-76.56054
39.007269,-76.560642
39.007333,-76.560743
39.007396,-76.560843
39.007706,-76.56132
39.007926,-76.561698
39.008134,-76.562042
39.008391,-76.562448
39.008584,-76.562739
39.009199,-76.563698
39.009739,-76.564523
39.009786,-76.564592
39.009831,-76.564662
39.009881,-76.564733
39.009981,-76.564875
39.010029,-76.564948
39.010404,-76.565535
39.010451,-76.56561
39.010543,-76.56576
39.010591,-76.565835
39.010743,-76.56606
39.010888,-76.566278
39.011674,-76.56716
39.012529,-76.567968
39.012671,-76.568044
39.012743,-76.568089
39.012821,-76.568128
39.012901,-76.568172
39.012983,-76.568213
39.013069,-76.568245
39.013156,-76.568277
39.013414,-76.568387
39.013501,-76.568428
39.013671,-76.568512
39.013754,-76.568564
39.013834,-76.568622
39.013911,-76.568683
39.013989,-76.568749
39.014139,-76.56889
39.014334,-76.569117
39.014508,-76.569333
39.014826,-76.56986
39.015221,-76.570882
39.015236,-76.570982
39.015251,-76.571085
39.015264,-76.571188
39.015276,-76.571294
39.015288,-76.571403
39.015298,-76.571515
39.015308,-76.571622
39.015328,-76.571825
39.015401,-76.571948
39.015451,-76.571992
39.015516,-76.572033
39.015594,-76.572082
39.015679,-76.572144
39.015778,-76.572203
39.015883,-76.572245
39.015983,-76.572267
39.016081,-76.57225
39.016183,-76.57221
39.016389,-76.572075
39.016473,-76.572005
39.016554,-76.571942
39.016638,-76.571878
39.016708,-76.571838
39.016871,-76.571885
39.016948,-76.571933
39.017013,-76.572035
39.017083,-76.572133
39.017158,-76.57223
39.017234,-76.572322
39.017344,-76.57239
39.017439,-76.57246
39.017851,-76.572702
39.019344,-76.573017
39.019561,-76.573087
39.019669,-76.573117
39.019884,-76.573164
39.020419,-76.573215
39.021591,-76.573527
39.022824,-76.573363
39.023168,-76.573335
39.023358,-76.573357
39.023459,-76.573368
39.023561,-76.573385
39.023674,-76.573397
39.023889,-76.573418
39.024959,-76.573583
39.025469,-76.57368
39.025563,-76.57367
39.025654,-76.573648
39.026121,-76.573562
39.026389,-76.573657
39.026473,-76.573727
39.027349,-76.574187
39.027616,-76.574212
39.027853,-76.57434
39.027919,-76.574417
39.027976,-76.574508
39.028028,-76.574613
39.028278,-76.57523
39.028413,-76.576093
39.028431,-76.576195
39.028459,-76.576299
39.028494,-76.5764
39.028534,-76.576505
39.028571,-76.576604
39.028613,-76.576704
39.028661,-76.576798
39.028714,-76.576892
39.029214,-76.578032
39.029769,-76.579153
39.029806,-76.579245
39.029853,-76.579334
39.029903,-76.579428
39.029953,-76.57953
39.030008,-76.579624
39.030071,-76.57971
39.030136,-76.579798
39.030206,-76.579877
39.030276,-76.579954
39.030568,-76.580163
39.030729,-76.580217
39.031243,-76.580307
39.031913,-76.58053
39.032084,-76.580602
39.032169,-76.580644
39.032413,-76.58078
39.032573,-76.580885
39.033061,-76.581174
39.033228,-76.58124
39.033481,-76.581338
39.033569,-76.581372
39.033658,-76.581407
39.033744,-76.581449
39.033834,-76.581479
39.033926,-76.581512
39.034299,-76.581625
39.034554,-76.581653
39.034799,-76.581634
39.035263,-76.581643
39.035811,-76.581645
39.036279,-76.581675
39.036511,-76.581682
39.036573,-76.581677
39.036641,-76.581677
39.036709,-76.581673
39.036781,-76.581668
39.036848,-76.581668
39.036914,-76.581672
39.036976,-76.581668
39.037041,-76.581667
39.037113,-76.58167
39.037656,-76.581617
39.037738,-76.581608
39.038221,-76.58155
39.038668,-76.58151
39.039323,-76.58146
39.039413,-76.581447
39.039498,-76.58145
39.039594,-76.58144
39.039679,-76.581435
39.039771,-76.581427
39.039859,-76.581423
39.039959,-76.581415
39.040061,-76.581405
39.040163,-76.581393
39.040271,-76.581373
39.040381,-76.581357
39.040784,-76.58126
39.041139,-76.581137
39.041299,-76.581077
39.041451,-76.58102
39.041599,-76.580968
39.041678,-76.580945
39.041758,-76.580922
39.042903,-76.580265
39.043418,-76.579987
39.043876,-76.579765
39.043994,-76.57971
39.044113,-76.57965
39.044169,-76.579624
39.044231,-76.579607
39.044296,-76.579603
39.044436,-76.579547
39.044504,-76.579518
39.045016,-76.57934
39.045148,-76.579338
39.045218,-76.579345
39.045293,-76.57935
39.045371,-76.579358
39.045689,-76.579447
39.046058,-76.57963
39.046118,-76.57969
39.046219,-76.579828
39.046254,-76.579903
39.046279,-76.579987
39.046299,-76.5801
39.046309,-76.580208
39.046324,-76.58031
39.046338,-76.580405
39.046406,-76.580928
39.046413,-76.581189
39.046473,-76.581638
39.046539,-76.581932
39.046553,-76.582
39.046554,-76.582068
39.046556,-76.582135
39.046558,-76.58221
39.046561,-76.58235
39.046569,-76.58244
39.046628,-76.582723
39.046724,-76.583195
39.046739,-76.58334
39.046769,-76.58365
39.046863,-76.584378
39.046871,-76.58444
39.046888,-76.584499
39.046913,-76.584612
39.046926,-76.584665
39.046944,-76.584802
39.046959,-76.584872
39.046979,-76.58494
39.047003,-76.585005
39.047328,-76.585734
39.047481,-76.58599
39.047519,-76.586047
39.047558,-76.586105
39.047601,-76.586167
39.047644,-76.586232
39.047689,-76.5863
39.047729,-76.586375
39.047771,-76.586445
39.047814,-76.586524
39.047858,-76.586602
39.047909,-76.586678
39.047959,-76.586755
39.048013,-76.586838
39.048071,-76.586914
39.048131,-76.586995
39.048261,-76.587123
39.048328,-76.58718
39.048399,-76.587225
39.048471,-76.587275
39.048554,-76.587323
39.048648,-76.58737
39.048753,-76.58741
39.048856,-76.58745
39.049081,-76.587553
39.049193,-76.587607
39.049321,-76.587662
39.049453,-76.587715
39.049589,-76.587765
39.049724,-76.587825
39.049863,-76.587892
39.049999,-76.587957
39.050134,-76.588028
39.050273,-76.588118
39.050631,-76.588492
39.050811,-76.588782
39.050953,-76.589084
39.051088,-76.589385
39.051146,-76.58953
39.051269,-76.589785
39.051326,-76.589893
39.051379,-76.590002
39.051429,-76.590102
39.051508,-76.590298
39.051644,-76.590532
39.051681,-76.59062
39.051751,-76.590783
39.052226,-76.591882
39.052258,-76.591967
39.052294,-76.59205
39.052328,-76.592142
39.052363,-76.592232
39.052408,-76.592322
39.052454,-76.592417
39.052496,-76.592522
39.052539,-76.592628
39.052714,-76.593017
39.052854,-76.593278
39.053243,-76.594172
39.053429,-76.594625
39.053579,-76.594975
39.053659,-76.59515
39.053698,-76.595235
39.053736,-76.595322
39.054256,-76.596528
39.054376,-76.596785
39.054416,-76.596879
39.054456,-76.596973
39.054489,-76.597067
39.054533,-76.597163
39.054578,-76.597267
39.054624,-76.59737
39.054671,-76.597478
39.054721,-76.597588
39.054774,-76.597697
39.054988,-76.598122
39.055089,-76.598322
39.055181,-76.59851
39.055258,-76.59869
39.055414,-76.59902
39.055644,-76.599537
39.056079,-76.60051
39.056508,-76.601458
39.056538,-76.60153
39.056569,-76.601608
39.056598,-76.601693
39.056681,-76.601857
39.056721,-76.60194
39.056766,-76.602022
39.056804,-76.602105
39.056844,-76.602192
39.057243,-76.603103
39.057734,-76.60416
39.057886,-76.604455
39.057923,-76.604527
39.057964,-76.604597
39.058038,-76.604745
39.058146,-76.60498
39.058181,-76.605052
39.058216,-76.60513
39.058241,-76.60522
39.058278,-76.605302
39.058314,-76.605385
39.058388,-76.605555
39.058598,-76.606069
39.058808,-76.606572
39.059156,-76.60732
39.059193,-76.607397
39.059231,-76.607473
39.059271,-76.607557
39.059309,-76.607642
39.059386,-76.60782
39.059424,-76.607918
39.059464,-76.608012
39.059501,-76.608107
39.059916,-76.609017
39.060129,-76.60946
39.060543,-76.609894
39.060591,-76.609965
39.060293,-76.611068
39.060251,-76.611141
39.060208,-76.611213
39.060158,-76.611285
39.060104,-76.611363
39.060041,-76.61144
39.059979,-76.61152
39.059918,-76.611598
39.059856,-76.611677
39.059796,-76.611753
39.059738,-76.611835
39.059678,-76.611918
39.059561,-76.612077
39.059504,-76.612154
39.059161,-76.612614
39.059103,-76.61269
39.059044,-76.612763
39.058983,-76.612835
39.058923,-76.612914
39.058861,-76.612993
39.058798,-76.613074
39.058729,-76.61316
39.058661,-76.613247
39.058591,-76.613335
39.058518,-76.613423
39.058444,-76.613515
39.058368,-76.613608
39.058288,-76.61371
39.058211,-76.613812
39.058134,-76.613913
39.058053,-76.614013
39.057433,-76.614792
39.056698,-76.615727
39.056421,-76.616072
39.055631,-76.617045
39.054898,-76.617582
39.054521,-76.617695
39.053654,-76.617968
39.053523,-76.618019
39.053461,-76.618044
39.053338,-76.618093
39.053211,-76.618242
39.053186,-76.618315
39.053126,-76.618448
39.053086,-76.618512
39.053049,-76.61858
39.053024,-76.618739
39.053073,-76.61881
39.053123,-76.61888
39.053178,-76.618952
39.053246,-76.619027
39.053304,-76.619103
39.053363,-76.619187
39.053419,-76.619268
39.053479,-76.61935
39.054168,-76.620307
39.054229,-76.620395
39.054291,-76.620487
39.054356,-76.62058
39.054424,-76.620675
39.054496,-76.620772
39.055156,-76.6217
39.055404,-76.622058
39.055688,-76.622473
39.055744,-76.622552
39.055808,-76.62263
39.055873,-76.622703
39.055934,-76.622782
39.056003,-76.62286
39.056073,-76.62294
39.056143,-76.62303
39.056211,-76.623127
39.056281,-76.623225
39.056548,-76.623615
39.056668,-76.623793
39.056784,-76.623955
39.056946,-76.624178
39.057134,-76.62445
39.057784,-76.625367
39.057968,-76.625644
39.058064,-76.625783
39.058731,-76.626738
39.058834,-76.626875
39.058886,-76.626943
39.059471,-76.627612
39.059558,-76.627708
39.059591,-76.627742
39.059623,-76.627769
39.059656,-76.627785
39.059693,-76.62781
39.059733,-76.627847
39.059773,-76.627903
39.059811,-76.62796
39.059854,-76.628018
39.059898,-76.62807
39.059943,-76.628122
39.059993,-76.628178
39.060041,-76.628232
39.060093,-76.628285
39.060148,-76.62834
39.060204,-76.628393
39.060263,-76.628448
39.060378,-76.628552
39.060439,-76.628602
39.060501,-76.628649
39.060563,-76.628698
39.060688,-76.628787
39.060751,-76.628828
39.060814,-76.628868
39.060879,-76.62891
39.061141,-76.629065
39.061208,-76.629105
39.061279,-76.629142
39.061421,-76.629222
39.061493,-76.62926
39.061566,-76.629295
39.061641,-76.629324
39.061723,-76.62935
39.061889,-76.6294
39.061978,-76.62942
39.062069,-76.629445
39.062158,-76.629467
39.062253,-76.62949
39.062348,-76.629515
39.062443,-76.62954
39.062536,-76.629565
39.062893,-76.62965
39.063119,-76.629707
39.063491,-76.62981
39.064473,-76.630137
39.065216,-76.63034
39.065296,-76.630355
39.065376,-76.630374
39.065456,-76.63039
39.065539,-76.630405
39.065619,-76.630423
39.065701,-76.630438
39.065779,-76.630455
39.065859,-76.63047
39.066613,-76.630472
39.066784,-76.630455
39.066871,-76.630444
39.067724,-76.63039
39.068731,-76.630348
39.069451,-76.630444
39.070334,-76.630589
39.071003,-76.630632
39.071074,-76.630628
39.071493,-76.630592
39.071564,-76.630582
39.071633,-76.63057
39.071773,-76.630552
39.071981,-76.630535
39.072054,-76.630528
39.072128,-76.630522
39.073079,-76.630368
39.073991,-76.62994
39.074246,-76.62979
39.074313,-76.629752
39.074379,-76.629715
39.074448,-76.629675
39.074514,-76.629632
39.074584,-76.629587
39.074656,-76.629543
39.074726,-76.629502
39.074869,-76.629417
39.074943,-76.629373
39.075018,-76.62933
39.075091,-76.629288
39.075166,-76.629247
39.075243,-76.629202
39.075318,-76.62916
39.075394,-76.62912
39.075829,-76.628843
39.075906,-76.628793
39.075984,-76.628742
39.076063,-76.628697
39.076144,-76.628649
39.076228,-76.6286
39.076308,-76.628552
39.076556,-76.628405
39.076643,-76.628359
39.076729,-76.62831
39.076908,-76.628215
39.076994,-76.628167
39.077173,-76.628067
39.077263,-76.628017
39.077353,-76.627965
39.077448,-76.627915
39.077544,-76.627867
39.077643,-76.627817
39.077738,-76.627767
39.077834,-76.627717
39.077936,-76.627669
39.078038,-76.62762
39.078143,-76.62757
39.078248,-76.627518
39.078353,-76.627467
39.078458,-76.627413
39.078564,-76.62736
39.078674,-76.627307
39.078788,-76.627252
39.078899,-76.627197
39.079016,-76.627143
39.079134,-76.62709
39.079253,-76.627033
39.079373,-76.626977
39.079493,-76.62692
39.079613,-76.626864
39.079733,-76.626803
39.079858,-76.626738
39.079979,-76.626675
39.080104,-76.626608
39.080611,-76.626357
39.080944,-76.626183
39.081036,-76.626138
39.081128,-76.626092
39.081296,-76.626018
39.081369,-76.625985
39.081494,-76.62592
39.081616,-76.625859
39.081726,-76.625808
39.082451,-76.625452
39.083231,-76.62507
39.084004,-76.624672
39.084169,-76.624592
39.084223,-76.624565
39.084291,-76.624542
39.084856,-76.624308
39.084911,-76.624278
39.085021,-76.624223
39.085078,-76.624193
39.085136,-76.624163
39.085193,-76.624132
39.085249,-76.6241
39.085303,-76.624072
39.085356,-76.62404
39.085413,-76.62401
39.085464,-76.623978
39.085524,-76.623948
39.085639,-76.62389
39.086344,-76.623385
39.086308,-76.623212
39.086279,-76.623124
39.086254,-76.623039
39.086228,-76.622948
39.086204,-76.622843
39.086186,-76.622739
39.086161,-76.622632
39.086134,-76.622527
39.086034,-76.6221
39.086004,-76.621993
39.085971,-76.621889
39.085938,-76.621782
39.085903,-76.62167
39.085871,-76.621555
39.085833,-76.621438
39.085799,-76.621318
39.085766,-76.621197
39.085736,-76.621072
39.085703,-76.620943
39.085516,-76.619762
39.085486,-76.619275
39.085486,-76.61915
39.085488,-76.619023
39.085491,-76.618899
39.085538,-76.618654
39.085578,-76.61853
39.085623,-76.61841
39.085673,-76.618295
39.085729,-76.618185
39.085788,-76.618075
39.085849,-76.617962
39.085914,-76.617852
39.085979,-76.617742
39.086049,-76.61763
39.086128,-76.617517
39.086208,-76.617402
39.086289,-76.61728
39.086366,-76.617155
39.086434,-76.61702
39.086499,-76.616875
39.086559,-76.616724
39.086689,-76.616245
39.086808,-76.615625
39.086879,-76.615188
39.086899,-76.615059
39.086926,-76.61494
39.086971,-76.614737
39.086992,-76.614644
39.087013,-76.61455
39.087029,-76.614463
39.087271,-76.613855
39.087358,-76.613722
39.087399,-76.61365
39.087443,-76.613575
39.087486,-76.613498
39.087573,-76.61335
39.087624,-76.613277
39.087676,-76.613202
39.087904,-76.612812
39.087951,-76.612732
39.088003,-76.61265
39.088051,-76.612569
39.088139,-76.612395
39.088179,-76.612305
39.088219,-76.612212
39.088258,-76.612115
39.088291,-76.612009
39.088326,-76.611897
39.088354,-76.611783
39.088378,-76.611657
39.088401,-76.61153
39.088416,-76.611402
39.088429,-76.611272
39.088443,-76.611138
39.088456,-76.611002
39.088459,-76.610865
39.088466,-76.610457
39.088489,-76.6101
39.088503,-76.609885
39.088514,-76.609687
39.088521,-76.609405
39.088484,-76.608385
39.088483,-76.608285
39.088478,-76.608187
39.088474,-76.608084
39.088464,-76.607982
39.088449,-76.60788
39.088419,-76.60778
39.088343,-76.607594
39.087606,-76.60643
39.086838,-76.605179
39.086603,-76.6048
39.086419,-76.60452
39.086279,-76.604317
39.086231,-76.60425
39.086188,-76.60418
39.086149,-76.604105
39.086108,-76.60403
39.086064,-76.603957
39.086021,-76.603887
39.085973,-76.603817
39.085879,-76.60367
39.085831,-76.603592
39.085781,-76.603513
39.085676,-76.60336
39.085623,-76.603283
39.085559,-76.603202
39.085499,-76.603122
39.085441,-76.603035
39.085384,-76.602942
39.085323,-76.602843
39.085266,-76.60274
39.085213,-76.602632
39.085163,-76.60252
39.085113,-76.602405
39.085059,-76.602292
39.085006,-76.60218
39.084694,-76.601242
39.084546,-76.600404
39.084533,-76.600282
39.084518,-76.600155
39.084508,-76.600018
39.084499,-76.599882
39.084493,-76.599745
39.084493,-76.599607
39.084494,-76.599467
39.084503,-76.599172
39.084509,-76.599025
39.084538,-76.59816
39.084544,-76.597895
39.084549,-76.597528
39.084541,-76.597305
39.084534,-76.597098
39.084458,-76.596534
39.084331,-76.59581
39.084234,-76.595362
39.084133,-76.594932
39.084118,-76.594842
39.084091,-76.594755
39.084064,-76.594668
39.084039,-76.594579
39.084013,-76.594492
39.083964,-76.594313
39.083944,-76.594223
39.083919,-76.59413
39.083898,-76.594035
39.083836,-76.593852
39.083816,-76.593755
39.083798,-76.593657
39.083778,-76.59356
39.083518,-76.592162
39.083361,-76.591407
39.083243,-76.590895
39.083024,-76.589758
39.082846,-76.58849
39.082828,-76.588405
39.082816,-76.588317
39.082788,-76.588138
39.082773,-76.588047
39.082764,-76.587957
39.082751,-76.587867
39.082736,-76.587777
39.082719,-76.587685
39.082704,-76.587595
39.082689,-76.587504
39.082678,-76.58741
39.082664,-76.587315
39.082648,-76.587218
39.082636,-76.58712
39.082619,-76.587027
39.082606,-76.586933
39.082578,-76.586737
39.082544,-76.586532
39.082533,-76.586425
39.082528,-76.586312
39.082513,-76.586207
39.082493,-76.586102
39.082485,-76.585988
39.082468,-76.58576
39.082458,-76.58566
39.082448,-76.585562
39.082443,-76.58545
39.082436,-76.585337
39.082426,-76.585227
39.082404,-76.585117
39.082389,-76.585005
39.082378,-76.58489
39.082368,-76.584767
39.082351,-76.584645
39.082333,-76.584522
39.081923,-76.582922
39.081413,-76.58127
39.080771,-76.579673
39.079908,-76.578229
39.079708,-76.577807
39.079661,-76.5777
39.079618,-76.577588
39.079534,-76.577357
39.079494,-76.57724
39.079398,-76.576874
39.079369,-76.576748
39.079123,-76.575565
39.078823,-76.573962
39.078804,-76.573846
39.078784,-76.57373
39.078768,-76.573612
39.078729,-76.573373
39.078704,-76.573255
39.078681,-76.573133
39.078579,-76.57278
39.078118,-76.571115
39.078086,-76.570995
39.077916,-76.570267
39.077753,-76.569472
39.077728,-76.569362
39.077659,-76.569032
39.077591,-76.568702
39.077488,-76.568262
39.077441,-76.568038
39.077414,-76.56793
39.077388,-76.567822
39.077331,-76.567593
39.077301,-76.567478
39.077269,-76.567362
39.077239,-76.567243
39.077208,-76.567122
39.077176,-76.567002
39.077146,-76.56688
39.077116,-76.566757
39.076801,-76.565565
39.076764,-76.565442
39.076731,-76.565318
39.076699,-76.565193
39.076668,-76.565069
39.076639,-76.564942
39.076608,-76.564813
39.076581,-76.56468
39.076396,-76.563663
39.076376,-76.563537
39.076359,-76.56341
39.076339,-76.563287
39.076021,-76.561568
39.075779,-76.56078
39.075544,-76.559793
39.075528,-76.559565
39.075524,-76.559452
39.075524,-76.559338
39.075528,-76.559223
39.075534,-76.55911
39.075538,-76.558999
39.075341,-76.558667
39.075253,-76.55861
39.075168,-76.558537
39.075089,-76.558455
39.074991,-76.558248
39.074949,-76.558137
39.074873,-76.557913
39.074834,-76.557791
39.074794,-76.55767
39.074708,-76.557419
39.074666,-76.557292
39.074623,-76.557163
39.074051,-76.555415
39.073444,-76.553552
39.073306,-76.553189
39.073251,-76.553065
39.073141,-76.552818
39.073083,-76.552697
39.072619,-76.551742
39.072509,-76.551505
39.072168,-76.550802
39.071506,-76.54947
39.071216,-76.548532
39.071169,-76.54828
39.071144,-76.548153
39.071118,-76.548027
39.071094,-76.547895
39.071044,-76.547637
39.071016,-76.54751
39.070989,-76.547382
39.070934,-76.547122
39.070906,-76.54699
39.070878,-76.546857
39.070851,-76.546725
39.070741,-76.546217
39.070676,-76.546002
39.070364,-76.545872
39.070059,-76.545777
39.069779,-76.545682
39.068816,-76.545372
39.067981,-76.545005
39.067906,-76.544977
39.067828,-76.54495
39.067749,-76.544923
39.067671,-76.544898
39.067518,-76.544845
39.067439,-76.54481
39.067366,-76.544777
39.066676,-76.543942
39.066631,-76.543869
39.066584,-76.543799
39.066344,-76.543443
39.066034,-76.542987
39.065929,-76.542864
39.065868,-76.542793
39.065804,-76.542723
39.065739,-76.542647
39.065669,-76.54257
39.065594,-76.542485
39.065511,-76.542393
39.065421,-76.542295
39.065328,-76.542207
39.065231,-76.542117
39.064946,-76.541827
39.064426,-76.541545
39.064093,-76.541503
39.063786,-76.5414
39.063531,-76.541245
39.063319,-76.541027
39.063188,-76.540895
39.063013,-76.54072
39.062901,-76.540657
39.062841,-76.540638
39.062711,-76.54065
39.062304,-76.54083
39.061746,-76.540852
39.061691,-76.540827
39.061629,-76.54079
39.061574,-76.540752
39.061521,-76.540705
39.061469,-76.540655
39.061418,-76.540605
39.061363,-76.540552
39.061309,-76.540488
39.061248,-76.540425
39.061194,-76.540353
39.061139,-76.540289
39.061083,-76.540217
39.061029,-76.540148
39.060551,-76.53944
39.060484,-76.538772
39.060409,-76.538298
39.060369,-76.53823
39.060328,-76.538167
39.060269,-76.538117
39.060196,-76.538078
39.060109,-76.538052
39.060018,-76.538028
39.059933,-76.538013
39.059849,-76.537997
39.059601,-76.537937
39.059373,-76.537898
39.059154,-76.537928
39.058964,-76.538019
39.058896,-76.538052
39.058824,-76.538089
39.058751,-76.538119
39.058678,-76.538152
39.058604,-76.53819
39.058531,-76.538225
39.058454,-76.538258
39.058298,-76.53831
39.057879,-76.538097
39.057816,-76.538025
39.057746,-76.53795
39.057679,-76.537878
39.057614,-76.537805
39.057553,-76.537733
39.057488,-76.537663
39.057108,-76.537257
39.056879,-76.537
39.056661,-76.536762
39.056513,-76.536617
39.056461,-76.536568
39.056404,-76.53652
39.056289,-76.536417
39.056074,-76.536247
39.056009,-76.536207
39.055946,-76.536158
39.055803,-76.536075
39.055731,-76.536032
39.055654,-76.53599
39.055578,-76.535943
39.055498,-76.535893
39.055423,-76.535837
39.055349,-76.535774
39.055283,-76.535708
39.054819,-76.535252
39.054123,-76.534417
39.054071,-76.534337
39.054019,-76.534252
39.053968,-76.534168
39.053913,-76.53408
39.053859,-76.533989
39.053804,-76.5339
39.053748,-76.533812
39.053689,-76.533717
39.053554,-76.533538
39.053486,-76.533448
39.053418,-76.533365
39.053278,-76.533195
39.052933,-76.532795
39.052666,-76.532512
39.052354,-76.532203
39.052224,-76.532105
39.052159,-76.532055
39.052089,-76.532
39.052023,-76.531943
39.051954,-76.53189
39.051886,-76.53184
39.051813,-76.53179
39.051718,-76.531752
39.051626,-76.531712
39.051531,-76.531672
39.051434,-76.531619
39.051338,-76.531548
39.051243,-76.531474
39.051154,-76.531383
39.051066,-76.531283
39.050978,-76.531182
39.050894,-76.531072
39.050808,-76.530969
39.050716,-76.530872
39.050631,-76.530765
39.050548,-76.530658
39.050268,-76.53041
39.050083,-76.530288
39.049904,-76.530182
39.049739,-76.530077
39.049658,-76.530028
39.049343,-76.529835
39.049036,-76.529658
39.048961,-76.529619
39.048884,-76.529565
39.048658,-76.529412
39.048576,-76.529367
39.048494,-76.529313
39.048416,-76.529257
39.048338,-76.529197
39.048259,-76.529132
39.048179,-76.529065
39.048096,-76.528995
39.048011,-76.528923
39.047926,-76.528853
39.047841,-76.528782
39.047758,-76.528708
39.047674,-76.528622
39.047444,-76.528385
39.047294,-76.528232
39.047221,-76.528157
39.047141,-76.528082
39.047058,-76.528003
39.046973,-76.527915
39.046881,-76.527825
39.046789,-76.527738
39.046366,-76.527262
39.046143,-76.52697
39.045854,-76.5266
39.045663,-76.526333
39.045499,-76.526082
39.045233,-76.525545
39.045194,-76.525447
39.045009,-76.524978
39.044599,-76.524033
39.044554,-76.523943
39.044513,-76.52385
39.044468,-76.523758
39.044426,-76.523665
39.044343,-76.523457
39.044301,-76.52335
39.044256,-76.523243
39.044211,-76.52313
39.044171,-76.52302
39.044133,-76.522912
39.043196,-76.521813
39.042089,-76.520963
39.041069,-76.520052
39.040214,-76.518848
39.039443,-76.517547
39.038663,-76.516285
39.038119,-76.515347
39.037848,-76.51484
39.037706,-76.514642
39.037658,-76.514575
39.037609,-76.514508
39.037558,-76.514442
39.037504,-76.514374
39.037453,-76.5143
39.037396,-76.514233
39.037281,-76.514107
39.037221,-76.514042
39.037161,-76.513977
39.037099,-76.513917
39.037038,-76.51385
39.036913,-76.513727
39.036848,-76.513665
39.036154,-76.512995
39.036034,-76.512857
39.035778,-76.51257
39.035641,-76.512428
39.035571,-76.512362
39.035369,-76.512167
39.035101,-76.511918
39.035036,-76.511848
39.034971,-76.51178
39.034908,-76.511707
39.034234,-76.511028
39.034161,-76.510962
39.034086,-76.510892
39.034016,-76.51082
39.033948,-76.510749
39.032981,-76.509712
39.031931,-76.508679
39.030903,-76.507667
39.029776,-76.506847
39.028654,-76.506123
39.028041,-76.505723
39.027958,-76.505677
39.027871,-76.50563
39.027784,-76.505582
39.027283,-76.50528
39.026954,-76.505082
39.026869,-76.505028
39.026781,-76.504975
39.026689,-76.50492
39.026594,-76.504863
39.026501,-76.504805
39.026404,-76.504747
39.026311,-76.504685
39.026216,-76.504625
39.026119,-76.504567
39.025928,-76.504445
39.025829,-76.504387
39.025729,-76.504327
39.025529,-76.504217
39.025434,-76.504158
39.025333,-76.5041
39.025236,-76.504043
39.025141,-76.503977
39.025048,-76.503908
39.024954,-76.50384
39.024758,-76.503705
39.024656,-76.503643
39.024555,-76.503583
39.024454,-76.503523
39.023216,-76.502587
39.023126,-76.5025
39.023034,-76.502415
39.022944,-76.502328
39.022856,-76.50224
39.022583,-76.501968
39.021404,-76.500814
39.020801,-76.500215
39.020153,-76.499577
39.019089,-76.498523
39.017923,-76.497362
39.016643,-76.496475
39.015903,-76.495868
39.015831,-76.495795
39.015563,-76.495507
39.015479,-76.495104
39.015454,-76.495008
39.015411,-76.49492
39.015368,-76.494835
39.015318,-76.494759
39.015258,-76.494688
39.015189,-76.49463
39.015113,-76.494583
39.015029,-76.494548
39.014944,-76.49452
39.014856,-76.494492
39.014673,-76.494429
39.014579,-76.494392
39.014391,-76.494299
39.014298,-76.494243
39.014208,-76.494175
39.014118,-76.4941
39.014033,-76.494025
39.013946,-76.493943
39.013864,-76.493855
39.012696,-76.492702
39.011863,-76.491843
39.011768,-76.491767
39.011671,-76.491692
39.011569,-76.49162
39.011471,-76.49155
39.011371,-76.491482
39.011268,-76.491413
39.011159,-76.491349
39.011049,-76.491285
39.010941,-76.491223
39.010721,-76.491092
39.010609,-76.49102
39.010494,-76.490955
39.010381,-76.49089
39.010268,-76.49081
39.01016,-76.490714
39.009944,-76.490523
39.009684,-76.489987
39.009659,-76.489847
39.009649,-76.489708
39.009649,-76.489567
39.009658,-76.489432
39.009673,-76.48931
39.009698,-76.489198
39.009724,-76.489097
39.009759,-76.489003
39.009791,-76.488922
39.009826,-76.488849
39.009899,-76.488735
39.009939,-76.488685
39.009963,-76.48863
39.009954,-76.48856
39.009931,-76.488507
39.009889,-76.488463
39.009843,-76.488422
39.009793,-76.488375
39.009736,-76.488325
39.009678,-76.48827
39.009614,-76.488217
39.009549,-76.488162
39.009479,-76.488108
39.009409,-76.488057
39.009338,-76.488003
39.009266,-76.48795
39.009118,-76.487842
39.008776,-76.487569
39.008464,-76.487325
39.007668,-76.48668
39.006781,-76.48596
39.006716,-76.485912
39.006656,-76.485865
39.006594,-76.485818
39.006474,-76.485718
39.006411,-76.485669
39.006346,-76.485617
39.006221,-76.485507
39.006153,-76.48545
39.006084,-76.485397
39.006013,-76.485342
39.005941,-76.485282
39.005868,-76.485225
39.005793,-76.48517
39.005719,-76.485112
39.005644,-76.485052
39.005566,-76.484992
39.005489,-76.484933
39.005413,-76.484872
39.005338,-76.48481
39.005261,-76.48475
39.005183,-76.484688
39.005104,-76.484625
39.005024,-76.484557
39.004939,-76.484485
39.004859,-76.484412
39.004474,-76.484095
39.004258,-76.483922
39.004038,-76.483763
39.003859,-76.483602
39.003513,-76.483355
39.002756,-76.482773
39.002361,-76.482519
39.002308,-76.482478
39.002249,-76.482434
39.002191,-76.482397
39.002126,-76.482363
39.002063,-76.482332
39.001999,-76.482302
39.001939,-76.482273
39.001874,-76.482245
39.001808,-76.482217
39.001663,-76.482163
39.001589,-76.482142
39.001513,-76.48212
39.001293,-76.482053
39.001219,-76.482032
39.001144,-76.482012
39.001071,-76.481997
39.000993,-76.48198
39.000839,-76.481955
39.000759,-76.481942
39.000681,-76.481932
39.000599,-76.481918
39.000519,-76.481908
39.000434,-76.481898
39.000348,-76.481893
38.999619,-76.481927
38.999534,-76.481938
38.999448,-76.481953
38.999359,-76.481965
38.999269,-76.481977
38.999174,-76.481995
38.999083,-76.482018
38.998989,-76.482042
38.998894,-76.482067
38.998798,-76.482089
38.998703,-76.482119
38.998601,-76.48215
38.998496,-76.482183
38.998389,-76.482215
38.998274,-76.482255
38.998158,-76.482292
38.998039,-76.482334
38.997919,-76.482375
38.997796,-76.482417
38.997666,-76.482455
38.997531,-76.482498
38.997398,-76.482545
38.997258,-76.482593
38.997118,-76.482642
38.996056,-76.48312
38.995721,-76.483377
38.995523,-76.483567
38.995341,-76.483763
38.995094,-76.48405
38.994871,-76.48433
38.994668,-76.484603
38.994546,-76.484775
38.994271,-76.485195
38.993908,-76.4858
38.993233,-76.487042
38.993094,-76.48732
38.992961,-76.487608
38.992916,-76.487703
38.992869,-76.487803
38.992824,-76.4879
38.992779,-76.488002
38.992734,-76.488108
38.992689,-76.488217
38.992644,-76.488325
38.992598,-76.488437
38.992553,-76.48855
38.992504,-76.488667
38.992458,-76.488785
38.992411,-76.488907
38.992363,-76.48903
38.992314,-76.48916
38.992268,-76.489292
38.992223,-76.489424
38.992176,-76.489558
38.992128,-76.489692
38.992078,-76.48983
38.992029,-76.489969
38.991981,-76.490107
38.991929,-76.490248
38.991879,-76.490392
38.991826,-76.490537
38.991713,-76.490815
38.991649,-76.490955
38.991586,-76.491098
38.991524,-76.491242
38.991459,-76.491387
38.991324,-76.491677
38.991253,-76.491818
38.991179,-76.49196
38.990881,-76.492495
38.990658,-76.492867
38.990519,-76.493097
38.990391,-76.493317
38.990268,-76.493515
38.990156,-76.493698
38.990054,-76.49386
38.989974,-76.494018
38.989864,-76.494262
38.989644,-76.494692
38.989606,-76.494768
38.989568,-76.494852
38.989528,-76.494937
38.989484,-76.495027
38.989446,-76.49512
38.989408,-76.495219
38.989368,-76.495322
38.989324,-76.495428
38.989283,-76.49554
38.989198,-76.49576
38.989146,-76.495872
38.989096,-76.495987
38.989049,-76.496102
38.988913,-76.496458
38.988483,-76.497592
38.988271,-76.498115
38.988149,-76.49842
38.988113,-76.498527
38.988076,-76.498635
38.988008,-76.49887
38.987976,-76.498997
38.987958,-76.499128
38.987978,-76.499382
38.988068,-76.499593
38.988194,-76.499753
38.988321,-76.499902
38.988491,-76.500109
38.988641,-76.50029
38.988738,-76.5004
38.988971,-76.500687
38.989018,-76.500747
38.989063,-76.50081
38.989108,-76.500873
38.989158,-76.50094
38.989206,-76.501007
38.989303,-76.501137
38.989356,-76.501202
38.989413,-76.501274
38.989464,-76.501353
38.989514,-76.501435
38.989569,-76.501517
38.989628,-76.501598
38.990166,-76.502307
38.990684,-76.503045
38.990786,-76.503167
38.990829,-76.503218
38.990901,-76.503293
38.990949,-76.503383
38.990924,-76.503435
38.990889,-76.503489
38.990844,-76.503537
38.990794,-76.503583
38.990748,-76.503635
38.990703,-76.503687
38.990399,-76.504017
38.990333,-76.504098
38.990313,-76.50411
38.990283,-76.50414
38.990269,-76.504162
38.990244,-76.504192
38.990214,-76.504228
38.990178,-76.50427
38.990094,-76.50437
38.990049,-76.504425
38.990003,-76.50448
38.989956,-76.504532
38.989909,-76.504588
38.989814,-76.504709
38.989763,-76.504772
38.989708,-76.504833
38.989653,-76.5049
38.989596,-76.504965
38.989534,-76.505032
38.989351,-76.505222
38.989234,-76.505362
38.989171,-76.505427
38.989103,-76.505487
38.988968,-76.505574
38.988823,-76.505663
38.988741,-76.505722
38.988666,-76.505793
38.988588,-76.505872
38.988509,-76.505955
38.988426,-76.506045
38.988343,-76.506145
38.988256,-76.506243
38.987663,-76.506965
38.987514,-76.507158
38.987376,-76.507333
38.987308,-76.50741
38.987041,-76.507723
38.986966,-76.507812
38.986888,-76.507905
38.986804,-76.508004
38.986721,-76.508105
38.986546,-76.508298
38.986304,-76.508568
38.985838,-76.509095
38.985753,-76.50919
38.985663,-76.50928
38.985336,-76.509642
38.984626,-76.510404
38.984174,-76.510907
38.984098,-76.510988
38.984019,-76.51107
38.983788,-76.511322
38.983566,-76.511787
38.983586,-76.511902